0,-1.36617
0.356756,-3.20539
1.27863,-22.4355
1.9454,-1.16924
2.32265,4.56544
2.87298,-3.96783
3.37415,0.743312
4.17945,-31.1676
4.81863,4.13921
5.29265,0.730855
5.9391,-0.977891
6.04743,2.12607
7.02966,-27.9526
7.83038,2.7756
8.50601,-2.37467
8.98444,4.20038
9.61085,-28.2123
9.84288,-2.39129
10.067,1.03819
10.2421,3.10686
10.9996,-3.41363
11.4156,0.0489272
12.2816,-26.7709
12.5056,-4.28439
12.8806,2.10649
13.3456,2.44358
13.9968,-2.91966
14.445,-15.7718
14.937,-27.528
15.6563,5.48103
15.8274,5.76486
16.4819,-5.68249
17.4579,-27.7933
18.4508,4.71645
18.7721,-1.02566
19.1254,-4.19208
19.6686,3.7305
20.391,-3.48932
20.5496,-3.16135
20.7321,-1.00948
20.9285,1.91239
21.6336,-1.98567
21.8243,-3.70729
22.003,-3.01947
22.5088,-21.4855
23.2751,-4.65061
23.8323,5.0468
23.9644,4.98453
24.8628,-0.442084
25.544,-22.114
25.7514,-5.26755
26.4073,5.28528
27.4044,-2.63101
28.3778,-4.45982
29.1577,4.62583
29.5299,-0.561909
29.9682,-3.367
30.3993,-21.791
31.1196,-2.99945
31.9501,3.63949
32.1004,2.87699
32.8918,-1.75902
33.3767,-20.2992
33.5032,3.15504
34.2875,-0.964153
34.9936,-0.196906
35.3734,-5.69791
35.7009,-23.6238
36.1295,4.44805
36.5678,-5.89816
36.9778,0.686136
37.5028,2.92024
37.6462,-0.999928
38.1469,-3.08433
38.7506,-18.0166
39.2998,-4.72977
39.5669,-0.757919
39.7277,2.44003
40.309,-0.457398
40.4745,-2.97142
41.2166,-23.301
41.9052,-2.91015
42.6266,3.32407
43.3658,-4.16678
44.0278,-17.6089
44.5291,-2.32906
44.6405,-4.44102
44.7408,-5.35774
45.5732,4.42323
46.3049,-28.8583
47.1357,-2.09099
48.0185,5.8068
48.5416,-3.95746
48.8572,-27.9416
49.7664,-1.3298
50.0739,-4.39349
50.9957,1.27985
51.2846,-2.97219
51.8196,-25.1743
52.17,3.45164
