0,-1.36617,0
0.356756,-3.20539,0
1.27863,-22.4355,1
1.9454,-1.16924,0
2.32265,4.56544,0
2.87298,-3.96783,0
3.37415,0.743312,0
4.17945,-31.1676,1
4.81863,4.13921,0
5.29265,0.730855,0
5.9391,-0.977891,0
6.04743,2.12607,0
7.02966,-27.9526,1
7.83038,2.7756,0
8.50601,-2.37467,0
8.98444,4.20038,0
9.61085,-28.2123,1
9.84288,-2.39129,0
10.067,1.03819,0
10.2421,3.10686,0
10.9996,-3.41363,0
11.4156,0.0489272,0
12.2816,-26.7709,1
12.5056,-4.28439,0
12.8806,2.10649,0
13.3456,2.44358,0
13.9968,-2.91966,0
14.445,-15.7718,1
14.937,-27.528,1
15.6563,5.48103,0
15.8274,5.76486,0
16.4819,-5.68249,0
17.4579,-27.7933,1
18.4508,4.71645,0
18.7721,-1.02566,0
19.1254,-4.19208,0
19.6686,3.7305,0
20.391,-3.48932,0
20.5496,-3.16135,0
20.7321,-1.00948,0
20.9285,1.91239,0
21.6336,-1.98567,0
21.8243,-3.70729,0
22.003,-3.01947,0
22.5088,-21.4855,1
23.2751,-4.65061,0
23.8323,5.0468,0
23.9644,4.98453,0
24.8628,-0.442084,0
25.544,-22.114,1
25.7514,-5.26755,0
26.4073,5.28528,0
27.4044,-2.63101,0
28.3778,-4.45982,0
29.1577,4.62583,0
29.5299,-0.561909,0
29.9682,-3.367,0
30.3993,-21.791,1
31.1196,-2.99945,0
31.9501,3.63949,0
32.1004,2.87699,0
32.8918,-1.75902,0
33.3767,-20.2992,1
33.5032,3.15504,0
34.2875,-0.964153,0
34.9936,-0.196906,0
35.3734,-5.69791,0
35.7009,-23.6238,1
36.1295,4.44805,0
36.5678,-5.89816,0
36.9778,0.686136,0
37.5028,2.92024,0
37.6462,-0.999928,0
38.1469,-3.08433,0
38.7506,-18.0166,1
39.2998,-4.72977,0
39.5669,-0.757919,0
39.7277,2.44003,0
40.309,-0.457398,0
40.4745,-2.97142,0
41.2166,-23.301,1
41.9052,-2.91015,0
42.6266,3.32407,0
43.3658,-4.16678,0
44.0278,-17.6089,1
44.5291,-2.32906,0
44.6405,-4.44102,0
44.7408,-5.35774,0
45.5732,4.42323,0
46.3049,-28.8583,1
47.1357,-2.09099,0
48.0185,5.8068,0
48.5416,-3.95746,0
48.8572,-27.9416,1
49.7664,-1.3298,0
50.0739,-4.39349,0
50.9957,1.27985,0
51.2846,-2.97219,0
51.8196,-25.1743,1
52.17,3.45164,0
